nodes	99		
ID	x	y	z
1	0	90	10
2	5	90	10
3	0	90	5
4	5	90	5
5	0	81	10
6	0	90	0
7	10	90	10
8	0	81	5
9	5	81	10
10	5	90	0
11	10	90	5
12	5	81	5
13	10	81	10
14	0	81	0
15	10	90	0
16	5	81	0
17	10	81	5
18	10	81	0
19	0	72	10
20	5	72	10
21	0	72	5
22	5	72	5
23	0	72	0
24	10	72	10
25	10	72	5
26	5	72	0
27	10	72	0
28	0	63	10
29	0	63	5
30	5	63	10
31	5	63	5
32	10	63	10
33	0	63	0
34	5	63	0
35	10	63	5
36	10	63	0
37	0	54	10
38	5	54	10
39	0	54	5
40	5	54	5
41	10	54	10
42	0	54	0
43	10	54	5
44	5	54	0
45	10	54	0
46	0	45	10
47	0	45	5
48	5	45	10
49	5	45	5
50	0	45	0
51	10	45	10
52	5	45	0
53	10	45	5
54	10	45	0
55	0	36	10
56	0	36	5
57	5	36	10
58	5	36	5
59	10	36	10
60	0	36	0
61	5	36	0
62	10	36	5
63	10	36	0
64	0	27	10
65	5	27	10
66	0	27	5
67	5	27	5
68	10	27	10
69	0	27	0
70	5	27	0
71	10	27	5
72	10	27	0
73	0	18	10
74	5	18	10
75	0	18	5
76	5	18	5
77	10	18	10
78	0	18	0
79	10	18	5
80	5	18	0
81	10	18	0
82	0	9	10
83	0	9	5
84	5	9	10
85	5	9	5
86	10	9	10
87	0	9	0
88	5	9	0
89	10	9	5
90	10	9	0
91	0	0	10
92	0	0	5
93	5	0	10
94	5	0	5
95	0	0	0
96	10	0	10
97	5	0	0
98	10	0	5
99	10	0	0

members	40				
ID	E	v	rho		NodeA	NodeB	NodeC	NodeD	NodeE	NodeF	NodeG	NodeH	
1	24000000000	0.3	2400	85	88	97	94	83	87	95	92
2	24000000000	0.3	2400	84	85	94	93	82	83	92	91
3	24000000000	0.3	2400	76	80	88	85	75	78	87	83
4	24000000000	0.3	2400	74	76	85	84	73	75	83	82
5	24000000000	0.3	2400	67	70	80	76	66	69	78	75
6	24000000000	0.3	2400	65	67	76	74	64	66	75	73
7	24000000000	0.3	2400	58	61	70	67	56	60	69	66
8	24000000000	0.3	2400	57	58	67	65	55	56	66	64
9	24000000000	0.3	2400	49	52	61	58	47	50	60	56
10	24000000000	0.3	2400	48	49	58	57	46	47	56	55
11	24000000000	0.3	2400	40	44	52	49	39	42	50	47
12	24000000000	0.3	2400	38	40	49	48	37	39	47	46
13	24000000000	0.3	2400	31	34	44	40	29	33	42	39
14	24000000000	0.3	2400	30	31	40	38	28	29	39	37
15	24000000000	0.3	2400	22	26	34	31	21	23	33	29
16	24000000000	0.3	2400	20	22	31	30	19	21	29	28
17	24000000000	0.3	2400	12	16	26	22	8	14	23	21
18	24000000000	0.3	2400	9	12	22	20	5	8	21	19
19	24000000000	0.3	2400	4	10	16	12	3	6	14	8
20	24000000000	0.3	2400	2	4	12	9	1	3	8	5
21	24000000000	0.3	2400	89	90	99	98	85	88	97	94
22	24000000000	0.3	2400	86	89	98	96	84	85	94	93
23	24000000000	0.3	2400	79	81	90	89	76	80	88	85
24	24000000000	0.3	2400	77	79	89	86	74	76	85	84
25	24000000000	0.3	2400	71	72	81	79	67	70	80	76
26	24000000000	0.3	2400	68	71	79	77	65	67	76	74
27	24000000000	0.3	2400	62	63	72	71	58	61	70	67
28	24000000000	0.3	2400	59	62	71	68	57	58	67	65
29	24000000000	0.3	2400	53	54	63	62	49	52	61	58
30	24000000000	0.3	2400	51	53	62	59	48	49	58	57
31	24000000000	0.3	2400	43	45	54	53	40	44	52	49
32	24000000000	0.3	2400	41	43	53	51	38	40	49	48
33	24000000000	0.3	2400	35	36	45	43	31	34	44	40
34	24000000000	0.3	2400	32	35	43	41	30	31	40	38
35	24000000000	0.3	2400	25	27	36	35	22	26	34	31
36	24000000000	0.3	2400	24	25	35	32	20	22	31	30
37	24000000000	0.3	2400	17	18	27	25	12	16	26	22
38	24000000000	0.3	2400	13	17	25	24	9	12	22	20
39	24000000000	0.3	2400	11	15	18	17	4	10	16	12
40	24000000000	0.3	2400	7	11	17	13	2	4	12	9

ICPosition
ID	x	y	z
1	0.018	0	0
2	0.018	0	0
3	0.018	0	0
4	0.018	0	0
5	0.0162	0	0
6	0.018	0	0
7	0.018	0	0
8	0.0162	0	0
9	0.0162	0	0
10	0.018	0	0
11	0.018	0	0
12	0.0162	0	0
13	0.0162	0	0
14	0.0162	0	0
15	0.018	0	0
16	0.0162	0	0
17	0.0162	0	0
18	0.0162	0	0
19	0.0144	0	0
20	0.0144	0	0
21	0.0144	0	0
22	0.0144	0	0
23	0.0144	0	0
24	0.0144	0	0
25	0.0144	0	0
26	0.0144	0	0
27	0.0144	0	0
28	0.0126	0	0
29	0.0126	0	0
30	0.0126	0	0
31	0.0126	0	0
32	0.0126	0	0
33	0.0126	0	0
34	0.0126	0	0
35	0.0126	0	0
36	0.0126	0	0
37	0.0108	0	0
38	0.0108	0	0
39	0.0108	0	0
40	0.0108	0	0
41	0.0108	0	0
42	0.0108	0	0
43	0.0108	0	0
44	0.0108	0	0
45	0.0108	0	0
46	0.009	0	0
47	0.009	0	0
48	0.009	0	0
49	0.009	0	0
50	0.009	0	0
51	0.009	0	0
52	0.009	0	0
53	0.009	0	0
54	0.009	0	0
55	0.0072	0	0
56	0.0072	0	0
57	0.0072	0	0
58	0.0072	0	0
59	0.0072	0	0
60	0.0072	0	0
61	0.0072	0	0
62	0.0072	0	0
63	0.0072	0	0
64	0.0054	0	0
65	0.0054	0	0
66	0.0054	0	0
67	0.0054	0	0
68	0.0054	0	0
69	0.0054	0	0
70	0.0054	0	0
71	0.0054	0	0
72	0.0054	0	0
73	0.0036	0	0
74	0.0036	0	0
75	0.0036	0	0
76	0.0036	0	0
77	0.0036	0	0
78	0.0036	0	0
79	0.0036	0	0
80	0.0036	0	0
81	0.0036	0	0
82	0.0018	0	0
83	0.0018	0	0
84	0.0018	0	0
85	0.0018	0	0
86	0.0018	0	0
87	0.0018	0	0
88	0.0018	0	0
89	0.0018	0	0
90	0.0018	0	0
91	0	0	0
92	0	0	0
93	0	0	0
94	0	0	0
95	0	0	0
96	0	0	0
97	0	0	0
98	0	0	0
99	0	0	0

ICVelocity
ID	x	y	z
1	0	0	0
2	0	0	0
3	0	0	0
4	0	0	0
5	0	0	0
6	0	0	0
7	0	0	0
8	0	0	0
9	0	0	0
10	0	0	0
11	0	0	0
12	0	0	0
13	0	0	0
14	0	0	0
15	0	0	0
16	0	0	0
17	0	0	0
18	0	0	0
19	0	0	0
20	0	0	0
21	0	0	0
22	0	0	0
23	0	0	0
24	0	0	0
25	0	0	0
26	0	0	0
27	0	0	0
28	0	0	0
29	0	0	0
30	0	0	0
31	0	0	0
32	0	0	0
33	0	0	0
34	0	0	0
35	0	0	0
36	0	0	0
37	0	0	0
38	0	0	0
39	0	0	0
40	0	0	0
41	0	0	0
42	0	0	0
43	0	0	0
44	0	0	0
45	0	0	0
46	0	0	0
47	0	0	0
48	0	0	0
49	0	0	0
50	0	0	0
51	0	0	0
52	0	0	0
53	0	0	0
54	0	0	0
55	0	0	0
56	0	0	0
57	0	0	0
58	0	0	0
59	0	0	0
60	0	0	0
61	0	0	0
62	0	0	0
63	0	0	0
64	0	0	0
65	0	0	0
66	0	0	0
67	0	0	0
68	0	0	0
69	0	0	0
70	0	0	0
71	0	0	0
72	0	0	0
73	0	0	0
74	0	0	0
75	0	0	0
76	0	0	0
77	0	0	0
78	0	0	0
79	0	0	0
80	0	0	0
81	0	0	0
82	0	0	0
83	0	0	0
84	0	0	0
85	0	0	0
86	0	0	0
87	0	0	0
88	0	0	0
89	0	0	0
90	0	0	0
91	0	0	0
92	0	0	0
93	0	0	0
94	0	0	0
95	0	0	0
96	0	0	0
97	0	0	0
98	0	0	0
99	0	0	0

ICAcceleration
ID	x	y	z
1	0	0	0
2	0	0	0
3	0	0	0
4	0	0	0
5	0	0	0
6	0	0	0
7	0	0	0
8	0	0	0
9	0	0	0
10	0	0	0
11	0	0	0
12	0	0	0
13	0	0	0
14	0	0	0
15	0	0	0
16	0	0	0
17	0	0	0
18	0	0	0
19	0	0	0
20	0	0	0
21	0	0	0
22	0	0	0
23	0	0	0
24	0	0	0
25	0	0	0
26	0	0	0
27	0	0	0
28	0	0	0
29	0	0	0
30	0	0	0
31	0	0	0
32	0	0	0
33	0	0	0
34	0	0	0
35	0	0	0
36	0	0	0
37	0	0	0
38	0	0	0
39	0	0	0
40	0	0	0
41	0	0	0
42	0	0	0
43	0	0	0
44	0	0	0
45	0	0	0
46	0	0	0
47	0	0	0
48	0	0	0
49	0	0	0
50	0	0	0
51	0	0	0
52	0	0	0
53	0	0	0
54	0	0	0
55	0	0	0
56	0	0	0
57	0	0	0
58	0	0	0
59	0	0	0
60	0	0	0
61	0	0	0
62	0	0	0
63	0	0	0
64	0	0	0
65	0	0	0
66	0	0	0
67	0	0	0
68	0	0	0
69	0	0	0
70	0	0	0
71	0	0	0
72	0	0	0
73	0	0	0
74	0	0	0
75	0	0	0
76	0	0	0
77	0	0	0
78	0	0	0
79	0	0	0
80	0	0	0
81	0	0	0
82	0	0	0
83	0	0	0
84	0	0	0
85	0	0	0
86	0	0	0
87	0	0	0
88	0	0	0
89	0	0	0
90	0	0	0
91	0	0	0
92	0	0	0
93	0	0	0
94	0	0	0
95	0	0	0
96	0	0	0
97	0	0	0
98	0	0	0
99	0	0	0