nodes	54			
ID	x	y	z
    1     -7.18157677    -0.439260768               0
    2        -5.76867    -0.439260768               0
    3     -7.18157677        0.973646               0
    4        -5.76867        0.973646               0
    5     -7.18157677    -0.439260768      2.00017363
    6        -5.76867    -0.439260768      2.00017363
    7     -7.18157677        0.973646      2.00017363
    8     -7.18157677      2.38655277               0
    9     -4.35576323    -0.439260768               0
   10        -5.76867        0.973646      2.00017363
   11     -4.35576323        0.973646               0
   12        -5.76867      2.38655277               0
   13     -4.35576323    -0.439260768      2.00017363
   14     -7.18157677      2.38655277      2.00017363
   15     -4.35576323        0.973646      2.00017363
   16        -5.76867      2.38655277      2.00017363
   17     -4.35576323      2.38655277               0
   18     -7.18157677    -0.439260768      4.00034726
   19        -5.76867    -0.439260768      4.00034726
   20     -7.18157677        0.973646      4.00034726
   21     -4.35576323      2.38655277      2.00017363
   22        -5.76867        0.973646      4.00034726
   23     -4.35576323    -0.439260768      4.00034726
   24     -7.18157677      2.38655277      4.00034726
   25     -4.35576323        0.973646      4.00034726
   26        -5.76867      2.38655277      4.00034726
   27     -4.35576323      2.38655277      4.00034726
   28     -7.18157677    -0.439260768      6.00052089
   29        -5.76867    -0.439260768      6.00052089
   30     -7.18157677        0.973646      6.00052089
   31        -5.76867        0.973646      6.00052089
   32     -4.35576323    -0.439260768      6.00052089
   33     -7.18157677      2.38655277      6.00052089
   34        -5.76867      2.38655277      6.00052089
   35     -4.35576323        0.973646      6.00052089
   36     -4.35576323      2.38655277      6.00052089
   37     -7.18157677    -0.439260768      8.00069452
   38     -7.18157677        0.973646      8.00069452
   39        -5.76867    -0.439260768      8.00069452
   40        -5.76867        0.973646      8.00069452
   41     -7.18157677      2.38655277      8.00069452
   42     -4.35576323    -0.439260768      8.00069452
   43     -4.35576323        0.973646      8.00069452
   44        -5.76867      2.38655277      8.00069452
   45     -4.35576323      2.38655277      8.00069452
   46     -7.18157677    -0.439260768      10.0008682
   47     -7.18157677        0.973646      10.0008682
   48        -5.76867    -0.439260768      10.0008682
   49        -5.76867        0.973646      10.0008682
   50     -7.18157677      2.38655277      10.0008682
   51     -4.35576323    -0.439260768      10.0008682
   52        -5.76867      2.38655277      10.0008682
   53     -4.35576323        0.973646      10.0008682
   54     -4.35576323      2.38655277      10.0008682

members	20					
ID	E	v	NodeA	NodeB	NodeC	NodeD	NodeE	NodeF	NodeG	NodeH	
1	200	0.3	10	16	12	4	7	14	8	3
2	200	0.3	6	10	4	2	5	7	3	1
3	200	0.3	22	26	16	10	20	24	14	7
4	200	0.3	19	22	10	6	18	20	7	5
5	200	0.3	31	34	26	22	30	33	24	20
6	200	0.3	29	31	22	19	28	30	20	18
7	200	0.3	40	44	34	31	38	41	33	30
8	200	0.3	39	40	31	29	37	38	30	28
9	200	0.3	49	52	44	40	47	50	41	38
10	200	0.3	48	49	40	39	46	47	38	37
11	200	0.3	15	21	17	11	10	16	12	4
12	200	0.3	13	15	11	9	6	10	4	2
13	200	0.3	25	27	21	15	22	26	16	10
14	200	0.3	23	25	15	13	19	22	10	6
15	200	0.3	35	36	27	25	31	34	26	22
16	200	0.3	32	35	25	23	29	31	22	19
17	200	0.3	43	45	36	35	40	44	34	31
18	200	0.3	42	43	35	32	39	40	31	29
19	200	0.3	53	54	45	43	49	52	44	40
20	200	0.3	51	53	43	42	48	49	40	39

BC	54				
node 	direction	value
1	1		0
1	2		0
1	3		0
2	1		0
2	2		0
2	3		0
3	1		0
3	2		0
3	3		0
4	1		0
4	2		0
4	3		0
9	1		0
9	2		0
9	3		0
11	1		0
11	2		0
11	3		0
8	1		0
8	2		0
8	3		0
12	1		0
12	2		0
12	3		0
17	1		0
17	2		0
17	3		0
50	1		0
50	2		0
50	3		0
52	1		0
52	2		0
52	3		0
54	1		0
54	2		0
54	3		0
47	1		0
47	2		0
47	3		0
49	1		0
49	2		0
49	3		0
53	1		0
53	2		0
53	3		0
46	1		0
46	2		0
46	3		0
48	1		0
48	2		0
48	3		0
51	1		0
51	2		0
51	3		0	

Loads	11
Node	Direction	Value
24	2		-1
26	2		-1
27	2		-1
33	2		-1
34	2		-1
36	2		-1