0
-0.01467
0.03086
0.02896
-0.00227
0.02575
0.07006
0.03829
-0.06186
0.0039
0.00156
-0.00681
0.01272
-0.03167
0.00103
-0.00242
-0.03015
-0.10624
-0.07571
-0.00001
-0.0583
-0.03639
0.02358
-0.05542
-0.1094
-0.10474
-0.06361
0.04267
0.01022
-0.17481
0.16707
0.24555
-0.04711
-0.02563
-0.02814
0.00373
-0.09046
-0.08419
-0.04836
-0.09985
-0.15261
-0.09302
-0.04786
-0.13533
-0.23775
-0.28279
-0.1533
-0.09256
-0.13413
-0.19114
-0.12802
-0.14939
-0.09043
0.07067
-0.03769
-0.15012
-0.03449
0.08343
-0.02619
0.05929
0.04457
-0.02281
-0.07917
0.03239
-0.07941
-0.37255
-0.02106
-0.34276
-0.26605
0.14095
-0.13926
-0.20901
-0.12821
0.30067
0.22892
0.11205
0.20312
-0.11765
-0.01829
0.11214
-0.33028
-0.30971
-0.14445
-0.39604
-0.28051
-0.22224
-0.04284
0.1818
0.08286
0.02105
-0.11334
-0.23407
-0.31983
-0.46082
-0.61659
-0.60391
-0.60335
-0.39904
-0.05123
0.04828
0.14626
-0.03703
-0.02677
0.34008
0.39592
0.4707
0.27269
-0.26713
-0.29427
-0.18136
-0.37853
-0.1767
0.22603
0.22447
0.39706
0.32859
0.20813
0.46184
0.16786
0.0448
0.47574
0.23614
-0.21607
-0.22878
-0.03163
-0.08185
-0.09556
0.36635
0.38858
0.0972
0.06711
0.04991
0.05045
-0.29795
-0.85695
-1.06215
-1.20241
-1.40137
-1.4527
-1.44282
-1.55739
-1.61493
-1.42956
-1.37223
-0.9915
0.93014
1.97824
2.7108
4.1818
5.74169
4.62445
1.56534
1.70441
2.5257
2.54711
2.93773
2.96292
1.84226
1.42383
1.43002
1.30373
1.28465
0.85802
-0.18816
-2.06503
-2.49564
-1.13262
-0.59099
-1.64109
-2.80097
-3.42237
-4.51604
-5.78135
-5.67329
-3.5142
-1.85319
-1.65666
-1.83664
-1.34521
-0.46649
0.7043
1.87022
2.96406
3.58822
0.8345
0.7542
2.88091
3.46275
4.42465
3.37816
1.86387
2.51582
3.08632
2.63973
1.70449
0.5523
-0.27206
-1.66259
-2.82923
-3.83685
-1.2603
1.58547
-0.65182
-1.26124
-0.12899
-0.14794
-0.71956
-1.5383
-1.83197
-1.86235
-1.99467
-1.69097
-1.75035
-1.96055
-1.4763
-1.54999
-1.69725
-0.52035
0.08566
0.02937
0.60141
0.76037
1.95277
2.88367
4.17516
3.23179
-1.21238
-0.12496
0.88363
-0.22519
-0.49186
-0.83124
-0.74758
0.21627
1.13535
1.0659
1.22799
0.83064
-0.23806
-1.49615
-1.76137
-1.21619
-1.54192
-1.6158
-1.31104
-1.85073
-2.25207
-2.23223
-0.25241
0.68111
0.02399
0.69982
1.36013
0.81101
0.63736
1.06772
0.85708
0.95409
1.22219
1.5969
1.43577
0.82308
0.68597
0.11713
0.09181
-0.08301
-1.09851
-0.7256
-0.24004
-0.81941
-1.16416
-1.23951
-1.30059
-0.28045
-0.02536
-0.12369
0.4577
0.87951
1.09168
1.21013
1.07031
0.80957
0.02576
-0.81885
-0.82989
0.04508
0.54516
-0.41319
-0.70894
-0.686
-0.47343
-0.28608
-0.3747
0.1335
0.29768
0.10603
0.41674
1.10288
1.05676
1.07751
0.75757
-0.64865
-0.91951
-0.6428
0.50127
1.81161
1.40038
0.43908
0.00222
0.89663
1.33368
0.5552
0.68357
1.14577
1.15807
1.03022
0.72391
0.70824
0.65624
-0.18844
-0.85416
-1.11843
-1.6174
-2.23807
-2.5177
-2.29653
-1.53442
-1.17518
-0.92865
1.01914
1.51595
1.67779
2.82774
3.2554
2.27836
0.70862
0.16749
-0.55574
-0.74329
-1.34234
-1.83005
-1.18958
-0.91639
-0.50668
0.19246
0.8915
1.16643
0.57261
0.14243
0.5053
-0.16357
-1.08102
-1.24242
-0.77359
0.86805
0.94743
0.46551
-0.22138
-0.82064
-0.92482
-1.27235
-1.40852
-1.51555
-1.41959
-1.19822
-0.76532
-0.67317
-0.81394
-1.22502
-1.47681
-1.40614
-0.6726
-0.38787
-0.3812
0.0133
0.70811
0.9434
1.11362
1.31693
2.0358
1.01245
-1.25107
-0.58522
-0.59453
-0.97673
-0.95337
-1.09841
-0.7976
-0.24667
0.30643
-0.39316
-1.46403
-1.20963
-1.14215
-0.30639
0.23946
0.16661
0.43098
0.29583
0.31946
0.68166
0.9249
1.28785
0.83789
-0.19502
0.5153
1.21166
1.36694
1.43867
1.71436
1.91546
1.69272
1.65135
1.35025
0.89662
0.54716
0.09478
-0.07335
-0.02526
-0.07542
-0.35899
-0.89696
-1.36009
-1.78136
-0.57017
0.02132
-1.15325
-1.44237
-1.40808
-1.56158
-2.00208
-1.60496
0.17946
0.4934
-0.11226
-0.15906
-0.32302
-0.10601
0.13009
0.38437
0.52289
1.15019
1.80343
2.70412
1.27154
-1.01326
-0.18078
0.2707
-0.1112
-0.39356
-0.29056
-0.39295
-0.49182
-0.62623
-0.69922
0.49488
1.45873
1.71377
2.45433
2.22385
0.56162
0.12515
0.04223
0.06383
0.55827
0.22273
-0.43781
-0.38512
-0.53898
-0.82072
-1.06331
-1.21826
-1.44194
-1.65829
-2.35401
-1.90648
1.13073
0.57486
0.32752
0.70404
-1.28812
-1.09273
-0.13947
0.29117
0.05497
0.18383
0.68556
1.29012
0.40153
-0.31841
0.44631
0.43881
0.04855
-0.364
-0.28131
-0.07666
-0.08721
-0.62373
-0.87211
-0.89403
-1.03723
-0.33171
0.2043
0.09809
0.34222
0.5991
0.55945
0.56598
0.40483
0.06248
0.21926
0.58678
0.57898
0.61271
0.91275
1.1221
0.85996
0.29642
0.34244
0.46769
0.18335
0.10113
0.19362
0.18615
-0.08142
-0.35059
-0.75405
-1.03559
-1.25742
-0.70274
0.36595
0.10575
0.01277
0.28093
0.03706
-0.17284
0.03095
0.3735
0.46556
0.50446
0.45744
0.20401
0.16706
0.01897
-0.10477
0.11823
0.17141
0.29464
0.49584
0.39081
-0.06223
-0.25882
-0.21572
-0.18674
-0.15449
-0.21248
-0.23342
-0.10805
-0.05344
-0.12059
-0.10376
0.07318
-0.14309
-0.59682
-0.63996
-0.71497
-0.76284
-0.57525
-0.42767
-0.35995
-0.13312
0.13949
0.16611
0.18168
0.32093
0.41702
0.435
0.35385
0.31393
0.2827
0.22483
0.16809
0.13712
0.08482
0.11385
0.00673
-0.29007
-0.4069
-0.20643
0.11924
0.11541
0.13383
0.1771
0.07753
-0.01788
0.01197
-0.13231
-0.33285
-0.30752
-0.26632
0.21608
0.61912
0.6517
0.71839
0.75203
0.66851
0.49201
0.38082
0.02028
-0.26858
-0.36564
-0.51061
-0.58363
-0.36081
0.02243
0.15998
0.26475
0.26552
0.15144
0.08346
-0.11197
-0.4117
-0.55076
-0.6055
-0.6066
-0.50504
-0.45771
-0.46207
-0.45255
-0.40243
-0.29375
-0.15238
-0.06883
-0.07239
-0.06497
0.01667
0.19484
0.28307
0.30622
0.16096
-0.10284
-0.17843
0.01806
0.1828
0.22345
0.29805
0.30211
0.19058
-0.12593
-0.33693
-0.42109
-0.47719
-0.42664
-0.17394
0.12359
0.19404
0.29966
0.45181
0.48139
0.3741
0.13407
0.01589
0.00998
-0.00771
0.05675
0.2531
0.31857
0.34761
0.44505
0.46483
0.24939
-0.04294
-0.18107
-0.35163
-0.44982
-0.34857
-0.22687
-0.15752
-0.09171
0.00097
0.09913
0.15554
0.22595
0.26117
0.24997
0.0522
-0.04162
0.02235
-0.04496
-0.1154
-0.1269
-0.13776
-0.23469
-0.31837
-0.2819
0.00684
0.28067
0.38627
0.45303
0.46834
0.43656
0.22119
0.08536
0.04164
-0.13783
-0.24657
-0.23164
0.06081
0.32927
0.28053
0.13676
0.00542
0.00694
0.01353
0.00245
-0.04637
-0.21579
-0.26236
-0.21018
-0.15495
-0.15423
-0.27385
-0.27741
-0.16266
0.00625
0.093
0.1085
0.16509
0.2014
-0.09656
-0.33021
-0.31927
-0.32132
-0.29654
-0.28272
-0.39053
-0.26892
0.14881
0.2495
0.20032
-0.01544
-0.05204
0.04032
-0.23066
-0.40353
-0.3646
-0.28063
-0.03129
0.0931
0.09521
0.14505
0.19615
0.18494
0.18276
0.16379
0.11404
0.13674
0.21088
0.1407
0.08133
0.07683
-0.04569
-0.14135
-0.23126
-0.27323
-0.27077
-0.02109
0.10241
-0.06046
-0.11016
-0.0052
0.15509
0.11467
-0.19683
-0.23611
-0.03507
-0.02371
0.00337
-0.0029
-0.00668
0.00931
-0.00708
-0.15588
-0.08753
0.12379
0.05571
0.07481
0.17533
0.08823
-0.11778
-0.13652
-0.09468
-0.09477
-0.04296
-0.03626
-0.08191
0.00332
0.11191
0.07841
0.07551
0.14306
0.15395
0.07211
-0.06204
-0.10557
-0.03219
0.0726
0.18666
0.21354
0.22961
0.24801
0.24315
0.26527
0.31912
0.41592
0.41045
0.43008
0.22279
0.04841
0.12391
0.04605
0.01547
0.03411
0.08912
0.19685
0.10172
0.06106
0.25467
0.41622
0.5494
0.57734
0.45639
0.50042
0.72015
0.81062
0.67075
-0.05362
-0.44524
-0.67173
-1.52137
-1.96941
-2.46597
-2.81136
-2.98041
-1.39057
-0.00862
-0.85004
-0.50597
-0.15033
-0.12209
0.17168
0.22311
0.07913
-0.03298
0.22593
0.51924
1.06804
1.66586
1.77706
1.5241
1.08778
0.93788
0.99732
0.89267
0.58519
0.25064
-0.01519
-0.20156
-0.27556
-0.36551
-0.43576
-0.62299
-0.92096
-1.30811
-1.66731
-1.76023
-1.52381
-1.33347
-1.28668
-0.85537
-0.50468
-0.39382
-0.14146
0.09535
0.35445
0.76197
1.01701
1.17362
1.34732
1.35791
1.25281
1.13534
1.13449
0.8102
0.48296
0.45771
0.24397
0.02266
-0.06218
-0.17945
-0.39196
-0.66727
-0.81437
-0.91106
-1.01137
-1.08042
-0.73958
-0.22998
-0.0926
0.15201
0.3971
0.6036
0.88798
1.12805
1.26634
1.48963
1.71161
1.75764
1.02105
0.44247
0.42876
-0.07857
-0.52266
-0.78567
-1.24935
-1.54801
-1.10035
-0.80395
-0.8611
-0.88443
-1.13286
-1.09701
-0.55152
-0.33277
-0.27848
-0.14981
-0.12131
-0.03034
0.21978
0.59055
0.99676
1.18259
0.8033
0.81638
1.02974
0.61969
-0.03099
-0.39872
-0.60665
-0.6676
-0.73346
-1.01393
-1.07613
-1.07579
-0.89578
-0.2693
0.2693
0.46885
0.54731
0.47023
0.40061
0.23419
0.13388
0.2049
0.49527
0.73535
0.81041
0.83002
0.31867
0.31434
0.57509
0.65743
0.61919
0.41466
0.25773
-0.18911
-0.69316
-1.05634
-1.09734
-1.03807
-1.16136
-1.19353
-0.61542
-0.21663
-0.33454
-0.18164
0.13994
0.58005
0.88893
0.96201
0.81936
0.39145
0.52827
1.00275
0.94378
0.20429
-0.09773
0.1569
-0.28961
-0.58407
-0.8008
-0.81851
-0.94344
-0.92328
-1.48908
-1.05179
1.01578
0.95861
0.84161
-0.01145
-0.27011
0.91402
1.31042
1.3072
1.2898
1.40285
0.86294
-0.05341
-0.1938
-0.14917
-0.28189
-0.14891
-0.2372
-0.6964
-1.16966
-0.79145
-0.4354
-1.01403
-0.88023
0.0841
-0.08414
-0.68774
-0.52791
-0.2499
0.09111
1.04524
1.31363
0.88069
0.83956
0.29972
0.13847
0.77286
1.30557
1.20196
1.24784
0.62265
-0.21529
-0.38078
-0.81888
-0.90656
-0.47168
-0.32895
-0.55778
-0.85134
-1.09378
-1.21675
-1.24975
-1.18368
-0.83195
-0.25553
-0.08344
-0.0915
0.29591
0.8462
1.64908
2.2952
2.48731
1.86733
-0.44391
-0.50413
-0.24558
-1.20783
-0.90698
0.26141
-0.0265
-0.76156
-0.41095
-0.31704
-0.19627
0.1339
0.19445
-0.58504
-0.28971
0.26667
-0.18109
-0.67928
-0.50381
-0.20045
0.1072
0.67297
0.75064
0.37155
0.01982
0.18873
0.23457
0.14137
0.02868
-0.10151
-0.37905
-0.69255
-0.81177
-0.81406
-0.56952
-0.4834
-0.35002
-0.04551
0.10994
0.19542
0.25721
0.26808
0.2356
0.13945
0.0932
0.05464
0.08239
0.18204
0.32225
0.26676
-0.13284
-0.20725
-0.12871
-0.11107
-0.10905
-0.31604
-0.42408
-0.42495
-0.39183
-0.1606
0.07724
0.24491
0.34833
0.34272
0.29829
0.23538
0.14287
0.05023
0.00384
-0.06778
-0.11411
-0.03224
0.04364
0.02827
0.06001
0.08991
0.07715
0.09999
-0.11912
-0.27
-0.21147
-0.21903
-0.24152
-0.25781
-0.14556
-0.02666
0.02219
0.02533
-0.01231
0.08429
0.24047
0.32797
0.36348
0.32428
0.20091
0.14418
0.14312
0.09147
0.01535
-0.09348
-0.1823
-0.24304
-0.24726
-0.17472
-0.0957
-0.02568
0.0854
0.11212
0.05221
0.05803
0.08961
0.03181
-0.09411
-0.0939
-0.01244
0.12559
0.26229
0.32979
0.13195
-0.1874
-0.22037
-0.21318
-0.16296
-0.16128
-0.18463
-0.02453
0.10779
0.13706
0.1551
0.08221
-0.00232
0.1513
0.24979
0.13776
0.03729
-0.04121
-0.1137
-0.05865
0.127
0.1359
-0.00485
-0.01145
0.05256
-0.01012
-0.12458
-0.18715
-0.22683
-0.259
-0.26552
-0.16061
-0.03232
-0.00713
0.08521
0.28816
0.28248
0.08346
0.05795
0.13621
0.13617
0.13042
0.13475
0.13004
0.06979
0.03438
0.0358
-0.01354
-0.07358
-0.08587
-0.0052
0.0363
-0.02139
-0.06579
-0.14444
-0.13364
0.11516
0.07703
-0.05961
0.02352
-0.01202
-0.07556
-0.07129
-0.10443
-0.11738
-0.04263
-0.00694
-0.04605
-0.07182
-0.04732
-0.04336
-0.13735
-0.21208
-0.19346
-0.2009
-0.19666
-0.14271
-0.09987
-0.01861
0.10788
0.21128
0.2559
0.2647
0.09559
-0.08759
-0.08379
-0.0106
0.05009
0.02945
0.03879
0.06455
0.05743
0.05722
0.04347
0.00095
0.0124
0.05101
0.0203
-0.01676
0.00456
0.0484
0.04548
0.04081
0.10777
0.15528
0.17024
0.17694
0.14979
0.16312
0.23583
0.24383
0.1522
0.04388
-0.00636
-0.03388
-0.06959
-0.05694
-0.0513
-0.03838
-0.02302
-0.04423
-0.07801
-0.09405
-0.06765
-0.0326
-0.03461
-0.06972
-0.05449
-0.02785
-0.0256
0.02263
0.07619
0.08983
0.05484
-0.00621
-0.05066
-0.08284
-0.12676
-0.13716
-0.12927
-0.13803
-0.13833
-0.07576
0.05015
0.05926
0.02089
0.01834
-0.01483
-0.07341
-0.06991
-0.00896
0.04643
0.05217
0.06332
0.128
0.19307
0.20023
0.18108
0.1389
0.07575
0.00651
-0.09971
-0.16166
-0.19835
-0.20862
-0.17253
-0.13129
-0.0764
-0.0073
0.0237
0.01508
0.02033
0.03534
0.06436
0.09071
0.09408
0.10033
0.10449
0.06475
0.00804
0.02126
0.0328
-0.0048
-0.03325
-0.039
-0.04073
-0.03842
-0.04562
-0.06399
-0.09527
-0.10882
-0.06987
-0.05784
-0.05321
-0.01881
0.01247
0.0397
0.04599
0.07434
0.10464
0.11863
0.12406
0.10158
0.04789
-0.02571
-0.04432
-0.06269
-0.07225
-0.0694
-0.06384
-0.08678
-0.06585
0.03028
0.0567
0.04275
0.03735
0.03177
-0.01499
-0.05211
-0.06834
-0.05166
-0.00873
-0.02508
-0.03378
-0.03602
-0.06945
-0.10705
-0.12286
-0.1165
-0.09538
-0.09797
-0.08636
0.05161
0.14533
0.03613
-0.08373
-0.01159
0.07355
0.01274
-0.04273
-0.07232
-0.10833
-0.11242
-0.04867
-0.00787
0.05888
0.16496
0.08379
-0.05252
-0.02884
0.12337
0.19978
0.14182
0.04432
-0.02142
0.03063
0.18283
0.18609
0.05066
0.00797
-0.03582
-0.09059
-0.0473
0.06285
0.08304
0.04366
-0.01412
-0.06213
0.02413
0.0912
0.06213
0.07639
0.09849
0.07601
0.06767
0.07563
0.08388
0.05553
-0.02512
-0.11364
-0.16465
-0.19296
-0.21607
-0.22073
-0.14557
-0.0895
-0.06252
-0.04211
-0.08596
-0.12286
-0.09622
-0.05054
-0.03185
-0.00044
-0.00521
-0.03774
-0.01385
0.01892
0.00445
-0.02461
-0.08508
-0.13668
-0.09938
-0.03705
-0.02665
-0.01113
0.05316
0.06561
0.04611
0.09391
0.14788
0.05232
-0.07147
-0.06491
-0.09431
-0.07855
0.02668
0.04319
-0.01407
-0.04845
-0.04067
-0.07232
-0.09612
-0.06387
-0.04426
0.00117
0.04409
0.06267
0.10291
0.1417
0.10448
0.04893
0.03093
0.03233
-0.00322
-0.06103
-0.06591
-0.01961
0.03014
0.03723
0.07132
0.12414
0.14778
0.12451
0.11248
0.12767
0.12903
0.07934
0.01451
0.04267
0.05368
0.03622
0.09183
0.16197
0.13714
0.08617
0.03374
0.01039
-0.00076
-0.03363
-0.01131
-0.02295
-0.07881
-0.10373
-0.08802
-0.0421
0.0025
-0.02786
-0.01811
0.00062
-0.02363
-0.01117
0.00442
-0.01605
0.00082
0.0399
0.00667
-0.08772
-0.12049
-0.07642
-0.05354
-0.04207
-0.02537
0.01096
0.06536
0.0844
0.09121
0.16574
0.16108
0.11014
0.08784
0.0309
0.01248
0.02789
-0.01008
-0.02675
-0.00801
-0.01618
-0.04805
-0.04404
-0.03494
-0.08924
-0.09935
-0.02273
-0.01298
-0.05474
-0.03084
-0.03057
-0.0469
-0.02732
0.00199
0.01854
0.04994
0.06954
0.04889
0.02124
-0.03481
-0.05418
-0.0453
-0.06482
-0.07954
-0.05681
-0.03914
-0.0439
-0.05983
-0.05252
-0.0295
-0.01564
0.00332
0.00404
-0.03899
-0.03093
0.02751
0.01585
-0.00733
0.00557
-0.01103
-0.03145
0.01607
0.04008
0.00085
0.003
0.05172
0.04231
0.00079
-0.01038
-0.00929
-0.01742
-0.04461
-0.07004
-0.06304
-0.03802
-0.01698
0.0226
0.06297
0.07489
0.04089
-0.01693
-0.03175
-0.02791
-0.05251
-0.04673
-0.04262
-0.02644
0.01274
-0.00879
-0.05406
-0.06302
-0.03446
-0.0424
-0.0334
0.01605
0.00362
0.00388
0.02626
0.03899
0.04836
0.01952
0.00193
-0.00393
-0.0319
-0.08133
-0.10827
-0.10501
-0.08879
-0.07001
-0.01562
0.02571
0.04277
0.06628
0.05295
0.04524
0.02036
-0.0219
-0.04923
-0.02008
0.0276
0.0239
0.02351
0.00858
-0.01104
0.00579
0.03198
0.0477
0.02428
-0.01649
-0.03403
-0.04329
-0.04483
-0.02679
-0.00142
0.00939
0.02416
0.03677
0.04581
0.04519
0.05334
0.08587
0.085
0.07384
0.07582
0.06001
0.02175
0.01484
-0.00465
-0.03804
-0.074
-0.08269
-0.06876
-0.07389
-0.03125
-0.02231
-0.04767
-0.02037
0.00155
-0.01898
-0.02731
-0.02865
-0.01283
-0.01645
0.0056
0.0689
0.09866
0.1017
0.11046
0.13219
0.13291
0.10842
0.11307
0.13325
0.10318
0.06152
0.01676
0.01071
0.02179
0.043
0.06812
0.08138
0.07369
0.08644
0.12305
0.11607
0.07324
0.03075
-0.02264
-0.08005
-0.0889
-0.09508
-0.09299
-0.09576
-0.09362
-0.07224
-0.09249
-0.09996
-0.06875
-0.02697
-0.02149
-0.02038
0.01556
0.0254
0.01362
-0.0222
-0.01988
0.01476
-0.00222
0.00721
0.02536
0.01213
0.02223
0.01691
-0.06078
-0.06708
-0.03589
-0.0221
-0.01432
-0.01239
0.01267
0.04926
0.06992
0.08913
0.14888
0.16567
0.05149
-0.03548
0.00159
0.0167
-0.02146
-0.04308
-0.04033
-0.06131
-0.07967
-0.04786
0.02198
0.00326
-0.07986
-0.10858
-0.06672
-0.05981
-0.09959
-0.05753
-0.00191
-0.03898
-0.03338
0.06445
0.10198
0.10468
0.08674
-0.00464
0.03959
0.15157
0.14666
0.14509
0.16021
0.08748
0.02516
0.04217
0.05685
0.01965
0.02352
0.12482
0.1799
0.10778
-0.15089
-0.38032
-0.43152
-0.45353
-0.38759
-0.16094
-0.08058
-0.10613
-0.03017
0.06268
0.17878
0.07562
-0.19113
-0.13809
-0.10842
-0.05115
0.28146
0.154
-0.1297
0.20933
0.41677
0.24259
-0.00119
-0.20898
-0.18192
0.01723
0.09664
-0.26638
-0.40762
-0.25921
-0.15586
0.00112
0.05567
0.15941
0.2296
0.1695
0.17538
0.22651
0.21013
0.22413
0.27329
0.21872
0.1138
0.00612
-0.05883
-0.10754
-0.00221
0.24998
0.15783
-0.15922
-0.2041
-0.08527
-0.10546
-0.2448
-0.34669
-0.38257
-0.36396
-0.26696
-0.17746
-0.05523
0.12403
0.35254
0.55033
0.56116
0.5041
0.42878
0.33639
0.15433
-0.08479
-0.23737
-0.27893
-0.27374
-0.32348
-0.29683
-0.07762
0.01707
0.06351
0.19365
0.22302
0.11351
-0.0145
-0.06033
-0.1238
-0.1558
-0.15536
-0.11605
-0.06083
-0.05975
-0.02459
0.04166
0.09424
0.10234
0.07941
0.07484
0.08576
0.07018
0.03001
-0.02413
-0.10429
-0.12769
-0.12864
-0.10706
-0.05579
-0.03529
-0.03533
-0.04701
-0.06773
-0.07011
-0.07828
-0.09404
-0.09751
-0.10147
-0.08088
-0.03511
0.00601
0.01588
0.01662
0.06409
0.116
0.13353
0.11283
0.10585
0.07898
0.05883
0.05826
0.01287
-0.0094
-0.03217
-0.07777
-0.10394
-0.09507
-0.07525
-0.06768
-0.05039
-0.03817
-0.01254
0.01479
0.01319
0.03452
0.06165
0.05658
0.03627
0.03364
0.02084
0.03279
0.02939
-0.0248
-0.05706
-0.04832
-0.05038
-0.07578
-0.05695
-0.02154
-0.01335
-0.01692
-0.02543
-0.0064
0.01775
0.04071
0.07138
0.10034
0.12898
0.12241
0.09946
0.08126
0.05921
0.02064
-0.03187
-0.06769
-0.0891
-0.1392
-0.15956
-0.15825
-0.12789
-0.08083
-0.06799
-0.01074
0.03544
0.07259
0.09039
0.07942
0.06294
0.0452
0.04912
0.03437
0.00256
-0.01176
-0.00915
-0.02719
-0.05035
-0.07018
-0.0474
-0.05567
-0.06071
-0.01266
0.01339
0.02099
0.01856
-0.00197
-0.044
-0.06845
-0.0052
0.09427
0.13381
0.13523
0.11354
0.10594
0.1071
0.07752
0.0234
-0.00865
-0.00776
-0.01149
-0.04758
-0.07131
-0.08948
-0.12893
-0.1538
-0.15433
-0.15687
-0.16124
-0.11281
-0.05116
-0.03898
-0.03339
-0.04192
-0.0125
0.03935
0.08332
0.13049
0.14233
0.12859
0.11402
0.10861
0.06697
0.03616
0.01181
-0.00461
-0.00222
-0.00251
0.00452
-0.0169
-0.05365
-0.06456
-0.06134
-0.06178
-0.05919
-0.06217
-0.05053
-0.01461
0.00895
0.02744
0.02545
0.04373
0.0819
0.06722
0.04398
0.01473
0.00679
0.03661
0.05643
0.08478
0.08226
0.06008
0.06105
0.0533
0.00099
-0.02102
-0.03434
-0.08227
-0.11166
-0.10088
-0.0838
-0.05736
-0.02024
-0.00074
0.02515
0.05095
0.08055
0.08191
0.06581
0.07715
0.09369
0.10024
0.11908
0.12789
0.13285
0.12563
0.10052
0.09177
0.06986
0.0405
0.03873
0.03492
-0.00494
-0.0445
-0.04059
-0.03529
-0.03344
-0.01166
0.00903
-0.00176
-0.03125
-0.01566
0.00746
-0.01434
-0.0185
-0.03356
-0.0449
-0.04762
-0.06961
-0.04365
0.01156
0.02222
0.00944
0.01386
0.00671
-0.00481
0.00087
-0.00397
-0.01528
-0.00819
-0.0151
-0.00846
0.00971
0.03259
0.04413
0.06196
0.08039
0.08779
0.07685
0.04605
0.06743
0.0672
0.02832
-0.01081
-0.01587
-0.03414
-0.06499
-0.07546
-0.09891
-0.10566
-0.08221
-0.07329
-0.0746
-0.07352
-0.07094
-0.06624
-0.09511
-0.10091
-0.10378
-0.12709
-0.11557
-0.09246
-0.05421
-0.02343
-0.00983
-0.01382
0.00195
0.03602
0.04751
0.04388
0.01957
0.01963
0.03502
0.02731
0.01938
0.01545
-0.00698
-0.02292
-0.04505
-0.05301
-0.03757
-0.04108
-0.03795
-0.02495
0.00618
0.01476
0.036
0.05022
0.02338
0.02024
0.01988
0.0206
0.00414
-0.02195
-0.03686
-0.03499
-0.03786
-0.01932
-0.00944
-0.0094
-0.00031
-0.02116
-0.05381
-0.06167
-0.04849
-0.053
-0.06786
-0.06581
-0.0675
-0.06488
-0.05998
-0.05459
-0.03293
-0.02732
-0.03004
-0.01925
0.00149
-0.00012
0.0029
0.02564
0.03077
0.03126
0.02071
-0.00359
-0.01066
-0.00077
0.00448
0.00289
0.00248
0.02427
0.03104
0.00408
0.01837
0.02689
0.00928
-0.0022
-0.01997
0.01703
0.03378
0.03336
0.03507
0.03698
0.03605
0.05006
0.04391
0.05022
0.05976
0.05401
0.05876
0.01168
0.00482
0.02427
0.04284
0.01837
0.00108
0.00357
-0.00291
0.01249
0.01893
0.00492
-0.00447
-0.00164
0.00223
-0.0041
-0.00651
0.00456
0.02109
0.03048
0.02336
0.03322
0.04036
0.03198
0.02041
0.00298
-0.00837
-0.01978
-0.03948
-0.0684
-0.09195
-0.08134
-0.06983
-0.09169
-0.08673
-0.06212
-0.0358
0.02319
0.05158
0.08537
0.13848
0.16122
0.14614
0.11382
0.10148
0.0798
0.04505
0.01478
-0.0021
-0.04432
-0.03566
0.02104
0.02301
0.01148
0.01863
0.02941
0.01713
-0.00437
-0.03322
-0.03184
-0.02375
-0.02866
-0.02649
-0.01866
-0.00039
-0.0029
0.01287
0.01737
0.01584
0.03292
0.03714
0.04056
0.02935
0.01208
0.00671
0.0167
0.03082
0.02904
0.01046
-0.00332
0.01429
0.03114
0.00549
-0.03018
-0.04003
-0.05028
-0.03988
-0.02386
-0.02904
-0.01208
-0.01594
-0.04903
-0.03869
0.03152
0.04321
0.0134
0.0221
0.01035
-0.03697
-0.05979
-0.04435
-0.03071
-0.03649
-0.03351
-0.02263
-0.01773
-0.01017
-0.01484
-0.00774
-0.00368
-0.01166
-0.0147
-0.03426
-0.01678
0.03344
0.04509
0.02869
0.0238
0.00555
-0.00346
-0.02882
-0.06863
-0.0546
-0.04129
-0.04338
-0.02503
0.00285
0.02962
0.04727
0.035
0.02057
0.0182
0.02347
0.01287
-0.00706
-0.02123
-0.01575
0.01056
0.0159
-0.01574
-0.03787
-0.02724
-0.01895
0.00408
0.01904
0.01374
0.03475
0.05894
0.04669
0.03728
0.03549
0.02583
0.01741
0.01765
0.00116
-0.01502
-0.0273
-0.04271
-0.04973
-0.03136
-0.01138
-0.01484
-0.00883
0.00229
0.01438
0.01102
0.02324
0.03398
0.01882
-0.00555
-0.01252
-0.01168
-0.0113
-0.01716
-0.03518
-0.03839
-0.04155
-0.03752
-0.0436
-0.02309
-0.01232
-0.00422
0.00431
-0.00075
0.02276
0.02343
0.01941
0.01805
0.01684
0.04079
0.04279
0.01845
0.01733
0.01621
0.01758
0.01676
0.01687
0.01666
0.00138
-0.00914
-0.0115
-0.01744
-0.01983
-0.01851
-0.03282
-0.04204
-0.03939
-0.03694
-0.02857
-0.00466
-0.0253
-0.03877
-0.03095
-0.04122
-0.01567
0.00218
-0.00219
-0.01219
-0.02021
-0.00395
0.01559
0.01263
-0.00416
0.00096
0.00166
0.00747
0.01658
0.01478
0.01968
0.02139
0.02558
0.02658
0.00671
-0.00664
0.02124
0.01693
0.01214
0.01675
0.01306
0.00436
-0.01082
-0.02782
-0.03893
-0.01903
-0.01155
-0.00961
-0.00805
-0.00605
0.00292
0.01388
0.03214
0.03771
0.02243
0.01367
0.01949
0.00904
0.00506
0.01137
0.00625
0.01833
0.01774
0.01864
0.0168
0.01867
0.02388
0.01775
0.01753
0.01769
0.01709
0.01746
0.01459
-0.00456
-0.01194
-0.01252
-0.01322
0.00694
0.01633
0.01675
0.01706
0.02
0.019
-0.00209
-0.01336
-0.01272
-0.01215
-0.01263
-0.01251
0.0028
0.00402
0.01296
0.01824
0.01671
0.0082
0.00384
0.0207
0.02101
0.00078
-0.04333
-0.0798
-0.08791
0.00395
0.15172
0.19692
0.19742
0.17675
-0.04289
-0.15906
-0.02988
0.02526
-0.01713
-0.03765
-0.03297
-0.02961
0.0286
0.05916
0.00769
-0.03079
-0.06315
-0.05488
-0.01486
-0.0047
-0.01958
-0.01596
0.01804
0.05924
0.07955
0.04866
0.00836
-0.00222
-0.01535
-0.03465
-0.03173
-0.03348
-0.03918
-0.02777
-0.03062
-0.02044
0.00622
0.03909
0.0587
0.03656
0.00965
0.0061
-0.00967
-0.03186
-0.05399
-0.05142
-0.02732
-0.04696
-0.05976
-0.04365
-0.03272
-0.02872
-0.00489
-0.00298
-0.00094
-0.00708
-0.04226
-0.06336
-0.04273
-0.02739
-0.04672
-0.0366
-0.00625
0.01245
0.01825
0.01502
0.00144
-0.01986
-0.02722
-0.01517
0.00139
0.00089
0.00368
-0.00176
-0.00203
0.00107
0.00354
0.001
-0.00515
-0.00221
0.01727
0.02692
0.01402
0.03128
0.03394
0.03274
0.0344
0.03226
0.03535
0.03501
0.03157
0.03437
0.01351
0.00418
-0.01404
-0.02972
-0.04161
-0.05163
-0.05035
-0.05424
-0.03891
-0.02819
-0.02527
-0.0226
-0.00525
0.00139
0.00156
0.00135
0.02228
0.03172
0.01257
0.00321
0.00155
0.01374
0.0054
0.00422
0.00327
0.00687
0.02195
0.03155
0.03515
0.03614
0.04254
0.03713
0.03007
0.00678
0.00532
0.01007
0.01299
-0.0114
-0.01265
-0.01689
-0.02525
-0.01934
-0.01397
-0.00438
-0.0173
0.00163
0.00697
0.00541
-0.00317
0.00559
0.01635
0.0424
0.04886
0.01436
0.01674
0.04079
0.02779
0.00967
0.00975
0.00843
0.00816
0.00742
-0.01526
-0.02109
-0.01872
-0.01946
0.00336
0.0117
0.01781
0.02147
0.03451
0.03977
0.03395
0.01855
0.01227
0.00701
-0.00814
-0.01542
-0.02431
-0.00619
0.0066
0.00688
-0.00792
-0.02354
-0.0208
-0.021
-0.0215
-0.00669
0.00935
-0.00705
-0.01443
0.01398
0.02408
0.01588
0.01274
0.0166
0.02736
0.01602
0.01318
-0.00353
-0.00295
-0.00628
-0.01578
0.00002
-0.00884
-0.01444
-0.01541
-0.01437
-0.0158
-0.01381
-0.01688
-0.00229
0.00099
0.00142
0.0001
-0.01053
0.01454
0.01271
0.01474
0.01268
0.0162
0.03572
0.01927
0.01225
0.01473
0.01174
0.01629
0.00083
-0.02003
-0.00125
-0.01524
-0.03657
-0.02166
-0.04082
-0.04875
-0.0513
-0.02624
-0.01456
-0.0036
0.03391
0.01461
-0.01491
-0.01034
-0.03014
-0.03997
-0.01806
-0.03742
-0.03351
-0.01011
0.01442
0.02
0.023
0.00464
-0.01065
-0.00884
-0.0222
-0.03561
-0.03777
-0.01798
0.00263
0.02072
0.02338
0.01532
-0.02056
-0.0355
-0.0392
-0.03537
-0.03907
-0.03274
-0.0469
-0.06244
-0.02274
-0.03906
-0.04306
-0.02091
0.01447
0.02441
0.00014
-0.01184
0.00797
0.03618
0.02384
0.03046
-0.00286
-0.06103
-0.08858
-0.08267
-0.0423
-0.03164
-0.02175
0.00434
0.01585
0.00203
-0.00245
-0.03233
-0.04314
-0.02137
-0.02269
-0.02554
-0.02349
-0.02049
-0.01405
-0.00535
0.00568
0.00223
-0.01913
-0.02508
-0.01481
-0.01453
-0.0133
-0.01637
-0.01543
0.0054
0.01622
0.02837
0.01796
0.03457
0.04205
0.03859
0.03976
0.02863
0.03056
0.01103
-0.00922
-0.01858
-0.01607
-0.00294
-0.01138
-0.00036
0.01781
0.03146
0.04348
0.03982
0.03093
-0.00447
-0.01154
0.00359
-0.0106
-0.0124
0.00344
0.01153
0.00559
0.00373
0.01143
0.01755
0.0156
0.01148
0.00571
0.00936
0.01375
0.01275
0.01367
0.01264
0.01438
0.01183
0.00462
0.00403
0.00117
0.00496
-0.00284
-0.0185
-0.01475
-0.01586
0.00441
-0.00756
-0.02932
-0.01229
-0.02061
-0.00405
0.0035
-0.01354
0.00541
0.01769
0.01195
0.00445
-0.01125
-0.00852
0.02249
0.02095
0.01607
0.01778
0.01588
0.01044
0.01619
0.0101
0.00122
0.01816
0.00571
-0.00644
-0.01087
0.00261
0.01574
0.00673
0.02248
0.01471
0.0017
0.00886
0.00021
-0.00651
-0.00491
-0.00609
0.01338
0.02372
0.00359
-0.00241
0.00058
0.01931
-0.00693
-0.02681
0.0073
0.0312
0.02794
0.01026
0.00448
0.00971
0.01191
0.00289
0.01104
0.0276
0.03473
0.02237
0.00875
0.00346
0.00366
0.00871
0.01696
-0.00899
-0.0026
0.03135
0.00102
-0.01707
0.02304
0.0089
-0.01827
0.01047
0.00832
0.02251
0.03561
0.03944
0.02651